GOTOMAIN empty empty 1
= 15000  3002
= 15001  3003
= 15002  3004
= 15003  3005
* 3004 15001 10000
= 10000  3006
= 15004  3007
* 3003 3007 10001
/ 10001 3005 10002
= 10002  3010
= 15005  3011
= 15006  3008
= 15007  3009
* 3009 3007 10003
= 10003  3013
= 15002  2000
* 3002 3003 10004
* 3004 3005 10005
- 10004 10005 10006
* 3005 3006 10007
/ 10007 3007 10008
+ 3004 10008 10009
> 10006 10009 10010
* 3008 3009 10011
- 10011 3011 10012
- 3013 3002 10013
> 10012 10013 10014
|| 10010 10014 10015
+ 3003 3004 10016
* 3005 3007 10017
> 10016 10017 10018
&& 10015 10018 10019
= 10019  5000
PRINT   5000
END
